2 0.9406516679596586 0.1 0.07990690457719168 0.15586206896551721
1 0.9701318851823119 0.4806896551724138 0.020946470131885064 0.03724137931034484
1 0.8626842513576415 0.7027586206896552 0.02172226532195495 0.03724137931034491
1 0.7587276958882856 0.8137931034482758 0.02172226532195495 0.03310344827586206
1 0.7595034910783554 0.9813793103448276 0.024825446082234207 0.03724137931034491
1 0.6613653995345229 0.8710344827586206 0.024049650892164324 0.03724137931034491
1 0.6206361520558573 0.8972413793103448 0.024825446082234207 0.03724137931034491
1 0.5952591155934833 0.9124137931034483 0.02327385570209465 0.04
1 0.582234290147401 0.8089655172413793 0.020946470131885206 0.03448275862068968
1 0.5275407292474786 0.9131034482758621 0.02327385570209465 0.03862068965517238
1 0.5577967416602018 0.8931034482758621 0.02172226532195495 0.03724137931034477
1 0.5690457719162141 0.8889655172413794 0.022498060512024836 0.03448275862068954
1 0.5045515903801396 0.8213793103448276 0.022498060512024836 0.04
1 1.0 0.48 0.053529868114817705 0.10482758620689651
1 0.5011636927851046 0.7337931034482759 0.02172226532195495 0.03310344827586221
1 0.5329712955779674 0.6855172413793104 0.020170674941815393 0.035862068965517156
1 0.5151280062063616 0.6606896551724136 0.02482544608223428 0.03862068965517253
1 0.4615981380915439 0.5758620689655172 0.021722265321955023 0.03448275862068968
1 0.37315748642358415 0.4455172413793103 0.02482544608223428 0.035862068965517226
1 0.469356089992242 0.43724137931034485 0.021722265321955023 0.03862068965517238
1 0.4534522885958107 0.2006896551724138 0.024049650892164466 0.03724137931034484
