2 0.939875872769589 0.09862068965517241 0.07525213343677266 0.14758620689655175
1 0.3946039565554693 0.6013793103448276 0.02427385570209465 0.03862068965517238
1 0.37045057564530154 0.512869169109234 0.02303090247174076 0.03802254509546408
1 0.44908465694167377 0.499707518883881 0.02105682511702021 0.037437582863226314
1 0.4620806661935846 0.6041232773383478 0.02138583800947366 0.0356826961665125
1 0.4872501524662728 0.5877443348356864 0.02105682511702028 0.03568269616651257
1 0.4245731964538924 0.5816022313971884 0.02072781222456669 0.036267658398750485
1 0.43460808967372244 0.5807247880488315 0.020398799332113315 0.03334284723756099
1 0.528870283361633 0.5620059966172183 0.01941176065475304 0.03217292277308502
1 0.6249420479580375 0.505849622322379 0.02072781222456669 0.03217292277308495
1 0.6269161253127581 0.6754886696713729 0.020727812224566763 0.034512771702036676
1 0.7292391348657782 0.3949992793132951 0.020727812224566974 0.036267658398750416
1 0.605437539970168 0.8733313785666013 0.023647472632198685 0.03425772816878094
1 0.5379984513524165 0.7588794230936287 0.021895807992776496 0.03270055870656364
1 0.6895174426624296 0.7109964621304461 0.02277164031248759 0.03503631289988959
1 0.7506067469622759 0.7074928308404571 0.020582059513209856 0.035814897630998106
1 0.8165131290205331 0.5872014898841695 0.021895807992776496 0.03659348236210683
1 0.8692820262831243 0.42447728108246013 0.020582059513209856 0.03503631289988966
1 0.9811696051262121 0.5233575419332597 0.021019975673065544 0.03503631289988959
1 0.36631686771915006 0.4248665734480144 0.02145789183292095 0.035814897630998245
1 0.39937953778824253 0.37386927356039734 0.019268311033643216 0.03192197397545492
1 0.382254065983555 0.3521224392615832 0.022000000000000002 0.03737206709321562
1 0.3277802456518636 0.2668138730329568 0.023209556472343032 0.03737206709321558
1 0.3365385688489741 0.1262793290678441 0.021457891832920878 0.03659348236210692
1 0.2388832652011911 0.13717951530336528 0.020582059513209856 0.0365934823621069
1 0.8359785023261118 0.17171686244601456 0.022640265464530955 0.035114171373000505
1 0.8273077623609721 0.9053630259337427 0.020713434361166492 0.03682705778143955
1 0.6168014643184193 0.9670269366375485 0.02071343436116656 0.03511417137300043
1 0.6341429442486982 0.9874707465765209 0.0197500188094844 0.028040971814651997
