1 0.161961 0.491968 0.021724 0.037639
1 0.217201 0.670241 0.021724 0.037648
1 0.248646 0.010042 0.021719 0.020083
1 0.306651 0.062231 0.021719 0.037648
1 0.314518 0.088458 0.021724 0.037639
1 0.339503 0.112593 0.021724 0.037648
1 0.485852 0.313963 0.021724 0.037648
1 0.584568 0.082630 0.021719 0.037648
1 0.682060 0.171829 0.021724 0.037639
1 0.618016 0.403889 0.021719 0.037648
1 0.694299 0.628699 0.021724 0.037639
1 0.614448 0.875838 0.021719 0.037639
1 0.711497 0.863306 0.021724 0.037648
1 0.105021 0.231954 0.021719 0.037648
2 0.940341 0.096579 0.068036 0.141935
