1 0.239766 0.137801 0.020354 0.037398
1 0.336924 0.126106 0.020359 0.037398
1 0.327896 0.268366 0.020354 0.037398
1 0.382578 0.352500 0.020354 0.037407
1 0.398443 0.373259 0.020354 0.037407
1 0.366495 0.423005 0.020354 0.037398
1 0.370901 0.510745 0.020354 0.037398
1 0.449120 0.500949 0.020354 0.037398
1 0.394964 0.602292 0.020354 0.037398
1 0.426055 0.583116 0.020359 0.037398
1 0.435573 0.577477 0.020354 0.037398
1 0.462542 0.604551 0.020354 0.037398
1 0.486971 0.588755 0.020359 0.037398
1 0.528534 0.561116 0.020359 0.037398
1 0.625302 0.504153 0.020354 0.037398
1 0.729688 0.393597 0.020354 0.037398
1 0.627464 0.673926 0.020354 0.037407
1 0.690646 0.711704 0.020354 0.037407
1 0.750797 0.707787 0.020354 0.037407
1 0.816672 0.587931 0.020354 0.037398
1 0.605648 0.872569 0.020359 0.037398
1 0.616755 0.965639 0.020354 0.037407
1 0.827211 0.905005 0.020359 0.037398
1 0.868943 0.422810 0.020354 0.037398
1 0.981307 0.523394 0.020354 0.037398
1 0.836776 0.172347 0.020354 0.037398
2 0.940135 0.095440 0.068990 0.143046
