1 0.143924 0.063782 0.019401 0.034491
2 0.940898 0.096458 0.068036 0.142806
1 0.482948 0.158394 0.019396 0.034491
1 0.523714 0.254898 0.019396 0.034481
1 0.329922 0.141060 0.019396 0.034491
1 0.041378 0.472208 0.019401 0.034491
1 0.228341 0.449042 0.019401 0.034491
1 0.233503 0.484685 0.019401 0.034481
1 0.214977 0.536560 0.019401 0.034491
1 0.273010 0.598347 0.019396 0.034491
1 0.280878 0.624579 0.019401 0.034491
1 0.305961 0.648477 0.019401 0.034491
1 0.452159 0.850296 0.019401 0.034481
1 0.071492 0.768509 0.019401 0.034481
1 0.648523 0.707935 0.019401 0.034481
1 0.583958 0.940880 0.019396 0.034481
1 0.459773 0.411542 0.019401 0.034491
