2 0.938712179984484 0.09517241379310346 0.07913110938712194 0.14620689655172414
1 0.6144297905352987 0.5172413793103448 0.02327385570209458 0.03862068965517246
1 0.46004654771140424 0.9 0.02482544608223428 0.04275862068965523
1 0.2381691233514352 0.8689655172413793 0.024825446082234314 0.03862068965517238
1 0.3231186966640807 0.7068965517241379 0.022498060512024763 0.04
1 0.3832428238944918 0.7027586206896552 0.02327385570209465 0.03724137931034491
1 0.4495733126454616 0.5827586206896551 0.022498060512024763 0.03724137931034491
1 0.5019394879751746 0.4186206896551724 0.02172226532195495 0.03724137931034484
1 0.25795190069821566 0.5006896551724138 0.02094647013188517 0.03310344827586206
1 0.3626842513576416 0.38896551724137934 0.020946470131885137 0.03862068965517246
1 0.1613653995345229 0.5572413793103448 0.02327385570209465 0.035862068965517295
1 0.17106283941039563 0.7537931034482759 0.022498060512024836 0.03724137931034477
1 0.25989138867339023 0.6689655172413793 0.021722265321955023 0.03862068965517238
1 0.12063615205585725 0.5827586206896551 0.02094647013188517 0.03724137931034491
1 0.469356089992242 0.16758620689655174 0.021722265321955023 0.040000000000000015
1 0.09503491078355314 0.5986206896551725 0.02094647013188519 0.03862068965517238
1 0.02715283165244375 0.5958620689655172 0.023273855702094642 0.03862068965517253
1 0.05818463925523662 0.5779310344827586 0.020170674941815358 0.03310344827586213
1 0.06749418153607448 0.573103448275862 0.021722265321955012 0.03172413793103459
1 0.08107059736229635 0.49241379310344824 0.022498060512024826 0.03862068965517238
1 0.007370054305663304 0.506896551724138 0.014740108611326607 0.03448275862068968
1 0.005042668735453841 0.41793103448275865 0.010085337470907682 0.035862068965517295
1 0.0321955003878976 0.36965517241379314 0.02404965089216447 0.030344827586206904
1 0.01474010861132661 0.34620689655172415 0.026377036462373934 0.04137931034482761
