2 0.9414274631497284 0.09931034482758622 0.07370054305663316 0.15172413793103448
1 0.475514169942428 0.6288947022350384 0.023121973240372 0.03254484176034204
1 0.5875112278254797 0.3732464057755104 0.021676849912848725 0.035114171373000505
1 0.5159776231130789 0.5068515456337561 0.02119514213700768 0.04196571700675662
1 0.6706058191580664 0.46788337984176775 0.024085388792054088 0.037683500985658966
1 0.6973406007172462 0.5214110801054881 0.025530512119577367 0.04367860341519581
1 0.6614533714170857 0.7046899258084661 0.022158557688689767 0.04025283059831764
1 0.8143955902466292 0.7205341250865274 0.020713434361166492 0.03597061457722006
1 0.887379130547234 0.32427080819761733 0.024567096567895276 0.04025283059831764
1 0.9160407432097786 0.22363873170182325 0.02119514213700768 0.04282216021097618
