2 0.938712179984484 0.09448275862068964 0.08068269976726143 0.15034482758620688
1 0.6483304911253508 0.7076414334686989 0.024961221111765255 0.03970782128654179
1 0.5502372713177123 0.6188827741223119 0.027588718070898324 0.04282216021097632
1 0.4517061353502183 0.850901023992692 0.026712885751187302 0.041264990748758945
1 0.5837378575466603 0.9392703909735246 0.027150801911042848 0.04204357547986774
1 0.46003092592823336 0.4111486793383021 0.023209556472343067 0.03737206709321562
1 0.07094241789659571 0.7689083632827305 0.022771640312487504 0.03347914343767215
1 0.21523579256899253 0.5368901134123504 0.022333724152632007 0.03659348236210676
1 0.22815431928473065 0.4492993311626264 0.021019975673065402 0.035814897630998245
1 0.2336282712829248 0.4847249364280703 0.02058205951320989 0.03347914343767229
1 0.04116411902641973 0.47304616546144046 0.02277164031248751 0.03815065182432427
1 0.2728217675899946 0.5987875995354887 0.021019975673065402 0.03425772816878109
1 0.2807042584673941 0.6240916032965201 0.021895807992776392 0.03347914343767236
1 0.30588443765908707 0.6478384375953341 0.024085388792054126 0.040486406017650155
1 0.4823602665401053 0.15766340804950324 0.022333724152631972 0.03815065182432427
1 0.5230864694066696 0.25615437653474843 0.02320955647234314 0.038929236555432886
1 0.32908961059067016 0.14092383633066707 0.024085388792054088 0.03892923655543291
1 0.14341754235268578 0.06384394795090995 0.023209556472343032 0.03892923655543291
