2 0.9410395655546935 0.09655172413793103 0.07137315748642364 0.14620689655172414
1 0.6165815695358252 0.4036501395253035 0.02312197324037186 0.04282216021097611
1 0.6941365214462394 0.6288947022350384 0.023121973240372143 0.041109273802537205
1 0.21748667725148862 0.6725733056502341 0.02264026546453092 0.03597061457721992
1 0.48531620061913033 0.31243893827592417 0.024567096567895064 0.04025283059831764
1 0.16137210490676254 0.49143556795780474 0.023121973240371928 0.03682705778143955
1 0.10525314902127647 0.23380899475193004 0.022640265464530865 0.034257728168780976
1 0.6820982105909724 0.17000397603757553 0.023121973240372 0.03682705778143955
1 0.5845523859831532 0.08221854760507431 0.02071343436116642 0.03768350098565907
1 0.34008568974380393 0.11219405975275765 0.021195142137007607 0.037683500985659035
1 0.31431432373630613 0.08821365003461096 0.0207134343611666 0.03254484176034191
1 0.3058844376590872 0.06252035390802525 0.018304895481961125 0.03597061457722
1 0.6150401046531335 0.875644446747325 0.025434170564409157 0.039567676034942136
1 0.7114780013765182 0.863397308926986 0.024374413457558718 0.039567676034942
1 0.247866563227308 0.007586206896551723 0.02094647013188517 0.015172413793103447
