1 0.249833 0.963338 0.020354 0.037398
1 0.460508 0.901954 0.020359 0.037407
1 0.069411 0.573162 0.020354 0.037398
2 0.940086 0.096190 0.069401 0.141009
1 0.470208 0.167926 0.020354 0.037407
1 0.502341 0.418616 0.020359 0.037398
1 0.614505 0.519324 0.020354 0.037407
1 0.450740 0.582995 0.020354 0.037398
1 0.362169 0.390282 0.020359 0.037398
1 0.258396 0.500347 0.020354 0.037398
1 0.260378 0.668384 0.020359 0.037398
1 0.323391 0.707162 0.020354 0.037398
1 0.383982 0.702856 0.020359 0.037398
1 0.239724 0.868505 0.020354 0.037398
1 0.171862 0.754125 0.020359 0.037398
1 0.121188 0.584130 0.020354 0.037407
1 0.161948 0.556713 0.020354 0.037407
1 0.096073 0.600190 0.020354 0.037398
1 0.058615 0.578255 0.020354 0.037398
1 0.028872 0.598625 0.020359 0.037398
1 0.007294 0.508532 0.014589 0.037398
1 0.005094 0.419227 0.010187 0.037398
1 0.015872 0.347940 0.020359 0.037398
1 0.031956 0.369093 0.020359 0.037407
1 0.082852 0.495606 0.020359 0.037398
1 0.267016 0.983597 0.020354 0.032806
