1 0.577971 0.603764 0.010818 0.019528
1 0.404234 0.089495 0.010823 0.019528
1 0.346529 0.127384 0.010818 0.019528
1 0.353935 0.142343 0.010818 0.019519
1 0.324701 0.102995 0.010818 0.019528
1 0.305299 0.137727 0.010818 0.019528
1 0.294643 0.169782 0.010818 0.019528
1 0.344234 0.190190 0.010823 0.019528
1 0.384672 0.195042 0.010823 0.019528
1 0.395404 0.220866 0.010818 0.019528
1 0.378669 0.262153 0.010818 0.019528
1 0.267331 0.278551 0.010818 0.019528
1 0.316966 0.272273 0.010818 0.019528
1 0.318445 0.281787 0.010818 0.019519
1 0.313437 0.295551 0.010823 0.019528
1 0.329148 0.311940 0.010818 0.019528
1 0.331083 0.319023 0.010823 0.019528
1 0.337799 0.325301 0.010818 0.019528
1 0.402961 0.317162 0.010818 0.019528
1 0.428643 0.340968 0.010818 0.019528
1 0.376594 0.378852 0.010823 0.019519
1 0.411568 0.402894 0.010823 0.019528
1 0.431922 0.462644 0.010823 0.019528
1 0.410883 0.527968 0.010818 0.019528
1 0.436703 0.524815 0.010823 0.019519
1 0.434380 0.562218 0.010823 0.019528
1 0.275477 0.356949 0.010818 0.019528
1 0.290641 0.425681 0.010823 0.019528
1 0.305122 0.473282 0.010818 0.019528
1 0.448646 0.584532 0.010823 0.019528
1 0.453086 0.590606 0.010818 0.019528
1 0.444206 0.603764 0.010818 0.019528
1 0.445570 0.627440 0.010818 0.019528
1 0.466289 0.624403 0.010818 0.019528
1 0.451945 0.651319 0.010818 0.019528
1 0.460029 0.646468 0.010818 0.019528
1 0.469820 0.651931 0.010818 0.019528
1 0.476422 0.647681 0.010823 0.019528
1 0.487466 0.640801 0.010818 0.019528
1 0.513195 0.625218 0.010818 0.019528
1 0.513648 0.670755 0.010818 0.019528
1 0.540745 0.596069 0.010823 0.019528
1 0.569206 0.537375 0.010818 0.019528
1 0.607740 0.630255 0.010823 0.019528
1 0.530328 0.680245 0.010823 0.019528
1 0.546378 0.679440 0.010818 0.019528
1 0.564023 0.646856 0.010818 0.019528
1 0.566643 0.731856 0.010818 0.019528
1 0.561180 0.776181 0.010818 0.019528
1 0.573701 0.896398 0.010818 0.019519
1 0.489924 0.693056 0.010818 0.019519
1 0.507987 0.722736 0.010818 0.019528
1 0.510854 0.747505 0.010823 0.019528
1 0.515362 0.754065 0.010818 0.019519
1 0.731862 0.526625 0.010818 0.019528
1 0.750849 0.533671 0.010823 0.019528
1 0.742516 0.573495 0.010823 0.019528
1 0.766013 0.450125 0.010818 0.019528
1 0.745659 0.404708 0.010818 0.019528
1 0.779810 0.500884 0.010818 0.019528
1 0.575750 0.831838 0.010823 0.019528
2 0.940677 0.097116 0.072708 0.150250
1 0.412102 0.062838 0.010818 0.019528
