2 0.940250 0.096181 0.070427 0.145139
1 0.970599 0.481620 0.021719 0.037648
1 0.863284 0.704829 0.021724 0.037639
1 0.759570 0.814741 0.021724 0.037648
1 0.760948 0.982245 0.021719 0.035509
1 0.662586 0.871046 0.021724 0.037648
1 0.621471 0.897977 0.021724 0.037639
1 0.596094 0.913713 0.021719 0.037648
1 0.559898 0.892380 0.021724 0.037648
1 0.570326 0.887134 0.021724 0.037639
1 0.583112 0.809495 0.021724 0.037639
1 0.529208 0.911616 0.021719 0.037639
1 0.505013 0.822435 0.021724 0.037648
1 0.500685 0.733954 0.021724 0.037648
1 0.533539 0.683245 0.021724 0.037639
1 0.516620 0.662611 0.021719 0.037648
1 0.462521 0.576926 0.021719 0.037648
1 0.470914 0.435171 0.021724 0.037639
1 0.373536 0.447995 0.021719 0.037639
1 0.453115 0.201065 0.021719 0.037648
